Linux 3.10.0-230.el7.x86_64 (perf10.perf.lab.eng.bos.redhat.com) 	08/05/15 	_x86_64_	(40 CPU)

08/05/15 15:07:58
avg-cpu:  %user   %nice %system %iowait  %steal   %idle
           4.74    0.00    0.32    0.00    0.00   94.94

Device:         rrqm/s   wrqm/s     r/s     w/s    rMB/s    wMB/s avgrq-sz avgqu-sz   await r_await w_await  svctm  %util
sdb               0.00     0.00    0.00   27.00     0.00     0.11     8.12     0.00    0.00    0.00    0.00   0.00   0.00
sda               0.00     0.00    0.00    0.00     0.00     0.00     0.00     0.00    0.00    0.00    0.00   0.00   0.00
sdc               0.00     0.00    0.00    0.00     0.00     0.00     0.00     0.00    0.00    0.00    0.00   0.00   0.00
sdd               0.00     0.00    0.00    0.00     0.00     0.00     0.00     0.00    0.00    0.00    0.00   0.00   0.00
sde               0.00     0.00    0.00    0.00     0.00     0.00     0.00     0.00    0.00    0.00    0.00   0.00   0.00
perf10_rhel7--root-root     0.00     0.00    0.00   25.33     0.00     0.11     8.66     0.00    0.00    0.00    0.00   0.00   0.00
perf10_rhel7--root-swap     0.00     0.00    0.00    0.00     0.00     0.00     0.00     0.00    0.00    0.00    0.00   0.00   0.00
perf10_rhel7--root-home     0.00     0.00    0.00    0.00     0.00     0.00     0.00     0.00    0.00    0.00    0.00   0.00   0.00
vg_perf10_rhel65-lv_root     0.00     0.00    0.00    0.00     0.00     0.00     0.00     0.00    0.00    0.00    0.00   0.00   0.00
vg_perf10_rhel65-lv_swap     0.00     0.00    0.00    0.00     0.00     0.00     0.00     0.00    0.00    0.00    0.00   0.00   0.00
vg_perf10_rhel65-lv_home     0.00     0.00    0.00    0.00     0.00     0.00     0.00     0.00    0.00    0.00    0.00   0.00   0.00

08/05/15 15:08:01
avg-cpu:  %user   %nice %system %iowait  %steal   %idle
           5.28    0.00    0.26    0.00    0.00   94.46

Device:         rrqm/s   wrqm/s     r/s     w/s    rMB/s    wMB/s avgrq-sz avgqu-sz   await r_await w_await  svctm  %util
sdb               0.00     0.00    0.00   15.67     0.00     0.03     4.38     0.00    0.04    0.00    0.04   0.02   0.03
sda               0.00     0.00    0.00    0.00     0.00     0.00     0.00     0.00    0.00    0.00    0.00   0.00   0.00
sdc               0.00     0.00    0.00    0.00     0.00     0.00     0.00     0.00    0.00    0.00    0.00   0.00   0.00
sdd               0.00     0.00    0.00    0.00     0.00     0.00     0.00     0.00    0.00    0.00    0.00   0.00   0.00
sde               0.00     0.00    0.00    0.00     0.00     0.00     0.00     0.00    0.00    0.00    0.00   0.00   0.00
perf10_rhel7--root-root     0.00     0.00    0.00   15.33     0.00     0.03     4.48     0.00    0.02    0.00    0.02   0.02   0.03
perf10_rhel7--root-swap     0.00     0.00    0.00    0.00     0.00     0.00     0.00     0.00    0.00    0.00    0.00   0.00   0.00
perf10_rhel7--root-home     0.00     0.00    0.00    0.00     0.00     0.00     0.00     0.00    0.00    0.00    0.00   0.00   0.00
vg_perf10_rhel65-lv_root     0.00     0.00    0.00    0.00     0.00     0.00     0.00     0.00    0.00    0.00    0.00   0.00   0.00
vg_perf10_rhel65-lv_swap     0.00     0.00    0.00    0.00     0.00     0.00     0.00     0.00    0.00    0.00    0.00   0.00   0.00
vg_perf10_rhel65-lv_home     0.00     0.00    0.00    0.00     0.00     0.00     0.00     0.00    0.00    0.00    0.00   0.00   0.00

08/05/15 15:08:04
avg-cpu:  %user   %nice %system %iowait  %steal   %idle
           6.56    0.00    0.29    0.01    0.00   93.14

Device:         rrqm/s   wrqm/s     r/s     w/s    rMB/s    wMB/s avgrq-sz avgqu-sz   await r_await w_await  svctm  %util
sdb               0.00     1.00    0.00 1166.33     0.00    12.47    21.90     0.12    0.10    0.00    0.10   0.03   3.10
sda               0.00     0.00    0.00    0.00     0.00     0.00     0.00     0.00    0.00    0.00    0.00   0.00   0.00
sdc               0.00     0.00    0.00    0.00     0.00     0.00     0.00     0.00    0.00    0.00    0.00   0.00   0.00
sdd               0.00     0.00    0.00    0.00     0.00     0.00     0.00     0.00    0.00    0.00    0.00   0.00   0.00
sde               0.00     0.00    0.00    0.00     0.00     0.00     0.00     0.00    0.00    0.00    0.00   0.00   0.00
perf10_rhel7--root-root     0.00     0.00    0.00 1157.67     0.00    12.47    22.07     0.12    0.11    0.00    0.11   0.03   3.13
perf10_rhel7--root-swap     0.00     0.00    0.00    0.00     0.00     0.00     0.00     0.00    0.00    0.00    0.00   0.00   0.00
perf10_rhel7--root-home     0.00     0.00    0.00    0.00     0.00     0.00     0.00     0.00    0.00    0.00    0.00   0.00   0.00
vg_perf10_rhel65-lv_root     0.00     0.00    0.00    0.00     0.00     0.00     0.00     0.00    0.00    0.00    0.00   0.00   0.00
vg_perf10_rhel65-lv_swap     0.00     0.00    0.00    0.00     0.00     0.00     0.00     0.00    0.00    0.00    0.00   0.00   0.00
vg_perf10_rhel65-lv_home     0.00     0.00    0.00    0.00     0.00     0.00     0.00     0.00    0.00    0.00    0.00   0.00   0.00

08/05/15 15:08:07
avg-cpu:  %user   %nice %system %iowait  %steal   %idle
           8.65    0.00    9.94    0.00    0.00   81.41

Device:         rrqm/s   wrqm/s     r/s     w/s    rMB/s    wMB/s avgrq-sz avgqu-sz   await r_await w_await  svctm  %util
sdb               0.00     0.00    0.00    0.00     0.00     0.00     0.00     0.00    0.00    0.00    0.00   0.00   0.00
sda               0.00     0.00    0.00    0.00     0.00     0.00     0.00     0.00    0.00    0.00    0.00   0.00   0.00
sdc               0.00     0.00    0.00    0.00     0.00     0.00     0.00     0.00    0.00    0.00    0.00   0.00   0.00
sdd               0.00     0.00    0.00    0.00     0.00     0.00     0.00     0.00    0.00    0.00    0.00   0.00   0.00
sde           49175.00     0.00 55823.00    0.00   421.17     0.00    15.45   258.51    4.62    4.62    0.00   0.02  99.93
perf10_rhel7--root-root     0.00     0.00    0.00    0.00     0.00     0.00     0.00     0.00    0.00    0.00    0.00   0.00   0.00
perf10_rhel7--root-swap     0.00     0.00    0.00    0.00     0.00     0.00     0.00     0.00    0.00    0.00    0.00   0.00   0.00
perf10_rhel7--root-home     0.00     0.00    0.00    0.00     0.00     0.00     0.00     0.00    0.00    0.00    0.00   0.00   0.00
vg_perf10_rhel65-lv_root     0.00     0.00    0.00    0.00     0.00     0.00     0.00     0.00    0.00    0.00    0.00   0.00   0.00
vg_perf10_rhel65-lv_swap     0.00     0.00    0.00    0.00     0.00     0.00     0.00     0.00    0.00    0.00    0.00   0.00   0.00
vg_perf10_rhel65-lv_home     0.00     0.00    0.00    0.00     0.00     0.00     0.00     0.00    0.00    0.00    0.00   0.00   0.00

08/05/15 15:08:10
avg-cpu:  %user   %nice %system %iowait  %steal   %idle
           8.70    0.00    9.67    0.01    0.00   81.62

Device:         rrqm/s   wrqm/s     r/s     w/s    rMB/s    wMB/s avgrq-sz avgqu-sz   await r_await w_await  svctm  %util
sdb               0.00     0.00    0.00    0.00     0.00     0.00     0.00     0.00    0.00    0.00    0.00   0.00   0.00
sda               0.00     0.00    0.00    0.00     0.00     0.00     0.00     0.00    0.00    0.00    0.00   0.00   0.00
sdc               0.00     0.00    0.00    0.00     0.00     0.00     0.00     0.00    0.00    0.00    0.00   0.00   0.00
sdd               0.00     0.00    0.00    0.00     0.00     0.00     0.00     0.00    0.00    0.00    0.00   0.00   0.00
sde           48682.67     0.00 55129.67    0.00   416.59     0.00    15.48   259.32    4.69    4.69    0.00   0.02 100.20
perf10_rhel7--root-root     0.00     0.00    0.00    0.00     0.00     0.00     0.00     0.00    0.00    0.00    0.00   0.00   0.00
perf10_rhel7--root-swap     0.00     0.00    0.00    0.00     0.00     0.00     0.00     0.00    0.00    0.00    0.00   0.00   0.00
perf10_rhel7--root-home     0.00     0.00    0.00    0.00     0.00     0.00     0.00     0.00    0.00    0.00    0.00   0.00   0.00
vg_perf10_rhel65-lv_root     0.00     0.00    0.00    0.00     0.00     0.00     0.00     0.00    0.00    0.00    0.00   0.00   0.00
vg_perf10_rhel65-lv_swap     0.00     0.00    0.00    0.00     0.00     0.00     0.00     0.00    0.00    0.00    0.00   0.00   0.00
vg_perf10_rhel65-lv_home     0.00     0.00    0.00    0.00     0.00     0.00     0.00     0.00    0.00    0.00    0.00   0.00   0.00

08/05/15 15:08:13
avg-cpu:  %user   %nice %system %iowait  %steal   %idle
           8.63    0.00    9.45    0.00    0.00   81.92

Device:         rrqm/s   wrqm/s     r/s     w/s    rMB/s    wMB/s avgrq-sz avgqu-sz   await r_await w_await  svctm  %util
sdb               0.00     0.00    0.00    0.00     0.00     0.00     0.00     0.00    0.00    0.00    0.00   0.00   0.00
sda               0.00     0.00    0.00    0.00     0.00     0.00     0.00     0.00    0.00    0.00    0.00   0.00   0.00
sdc               0.00     0.00    0.00    0.00     0.00     0.00     0.00     0.00    0.00    0.00    0.00   0.00   0.00
sdd               0.00     0.00    0.00    0.00     0.00     0.00     0.00     0.00    0.00    0.00    0.00   0.00   0.00
sde           48991.00     0.00 55632.67    0.00   420.60     0.00    15.48   258.88    4.65    4.65    0.00   0.02 100.03
perf10_rhel7--root-root     0.00     0.00    0.00    0.00     0.00     0.00     0.00     0.00    0.00    0.00    0.00   0.00   0.00
perf10_rhel7--root-swap     0.00     0.00    0.00    0.00     0.00     0.00     0.00     0.00    0.00    0.00    0.00   0.00   0.00
perf10_rhel7--root-home     0.00     0.00    0.00    0.00     0.00     0.00     0.00     0.00    0.00    0.00    0.00   0.00   0.00
vg_perf10_rhel65-lv_root     0.00     0.00    0.00    0.00     0.00     0.00     0.00     0.00    0.00    0.00    0.00   0.00   0.00
vg_perf10_rhel65-lv_swap     0.00     0.00    0.00    0.00     0.00     0.00     0.00     0.00    0.00    0.00    0.00   0.00   0.00
vg_perf10_rhel65-lv_home     0.00     0.00    0.00    0.00     0.00     0.00     0.00     0.00    0.00    0.00    0.00   0.00   0.00

08/05/15 15:08:16
avg-cpu:  %user   %nice %system %iowait  %steal   %idle
           8.39    0.00    9.37    0.00    0.00   82.25

Device:         rrqm/s   wrqm/s     r/s     w/s    rMB/s    wMB/s avgrq-sz avgqu-sz   await r_await w_await  svctm  %util
sdb               0.00    77.00    0.00   97.33     0.00     1.08    22.68     0.20    2.08    0.00    2.08   0.02   0.20
sda               0.00     0.00    0.00    0.00     0.00     0.00     0.00     0.00    0.00    0.00    0.00   0.00   0.00
sdc               0.00     0.00    0.00    0.00     0.00     0.00     0.00     0.00    0.00    0.00    0.00   0.00   0.00
sdd               0.00     0.00    0.00    0.00     0.00     0.00     0.00     0.00    0.00    0.00    0.00   0.00   0.00
sde           49024.67     0.00 55633.67    0.00   420.63     0.00    15.48   258.81    4.65    4.65    0.00   0.02 100.10
perf10_rhel7--root-root     0.00     0.00    0.00  174.00     0.00     1.08    12.69     0.36    2.07    0.00    2.07   0.01   0.20
perf10_rhel7--root-swap     0.00     0.00    0.00    0.00     0.00     0.00     0.00     0.00    0.00    0.00    0.00   0.00   0.00
perf10_rhel7--root-home     0.00     0.00    0.00    0.00     0.00     0.00     0.00     0.00    0.00    0.00    0.00   0.00   0.00
vg_perf10_rhel65-lv_root     0.00     0.00    0.00    0.00     0.00     0.00     0.00     0.00    0.00    0.00    0.00   0.00   0.00
vg_perf10_rhel65-lv_swap     0.00     0.00    0.00    0.00     0.00     0.00     0.00     0.00    0.00    0.00    0.00   0.00   0.00
vg_perf10_rhel65-lv_home     0.00     0.00    0.00    0.00     0.00     0.00     0.00     0.00    0.00    0.00    0.00   0.00   0.00

08/05/15 15:08:19
avg-cpu:  %user   %nice %system %iowait  %steal   %idle
           8.83    0.00    9.92    0.00    0.00   81.25

Device:         rrqm/s   wrqm/s     r/s     w/s    rMB/s    wMB/s avgrq-sz avgqu-sz   await r_await w_await  svctm  %util
sdb               0.00     0.00    0.00    7.67     0.00     0.06    15.30     0.00    0.00    0.00    0.00   0.00   0.00
sda               0.00     0.00    0.00    0.00     0.00     0.00     0.00     0.00    0.00    0.00    0.00   0.00   0.00
sdc               0.00     0.00    0.00    0.00     0.00     0.00     0.00     0.00    0.00    0.00    0.00   0.00   0.00
sdd               0.00     0.00    0.00    0.00     0.00     0.00     0.00     0.00    0.00    0.00    0.00   0.00   0.00
sde           49123.33     0.00 55484.67    0.00   419.21     0.00    15.47   258.92    4.66    4.66    0.00   0.02 100.03
perf10_rhel7--root-root     0.00     0.00    0.00    7.67     0.00     0.06    15.30     0.00    0.00    0.00    0.00   0.00   0.00
perf10_rhel7--root-swap     0.00     0.00    0.00    0.00     0.00     0.00     0.00     0.00    0.00    0.00    0.00   0.00   0.00
perf10_rhel7--root-home     0.00     0.00    0.00    0.00     0.00     0.00     0.00     0.00    0.00    0.00    0.00   0.00   0.00
vg_perf10_rhel65-lv_root     0.00     0.00    0.00    0.00     0.00     0.00     0.00     0.00    0.00    0.00    0.00   0.00   0.00
vg_perf10_rhel65-lv_swap     0.00     0.00    0.00    0.00     0.00     0.00     0.00     0.00    0.00    0.00    0.00   0.00   0.00
vg_perf10_rhel65-lv_home     0.00     0.00    0.00    0.00     0.00     0.00     0.00     0.00    0.00    0.00    0.00   0.00   0.00

08/05/15 15:08:22
avg-cpu:  %user   %nice %system %iowait  %steal   %idle
           8.88    0.00    9.90    0.00    0.00   81.22

Device:         rrqm/s   wrqm/s     r/s     w/s    rMB/s    wMB/s avgrq-sz avgqu-sz   await r_await w_await  svctm  %util
sdb               0.00     0.00    0.00   36.33     0.00     0.22    12.15     0.01    0.22    0.00    0.22   0.05   0.17
sda               0.00     0.00    0.00    0.00     0.00     0.00     0.00     0.00    0.00    0.00    0.00   0.00   0.00
sdc               0.00     0.00    0.00    0.00     0.00     0.00     0.00     0.00    0.00    0.00    0.00   0.00   0.00
sdd               0.00     0.00    0.00    0.00     0.00     0.00     0.00     0.00    0.00    0.00    0.00   0.00   0.00
sde           48912.33     0.00 55428.00    0.00   418.58     0.00    15.47   258.80    4.67    4.67    0.00   0.02 100.00
perf10_rhel7--root-root     0.00     0.00    0.00   36.00     0.00     0.22    12.26     0.01    0.22    0.00    0.22   0.05   0.17
perf10_rhel7--root-swap     0.00     0.00    0.00    0.00     0.00     0.00     0.00     0.00    0.00    0.00    0.00   0.00   0.00
perf10_rhel7--root-home     0.00     0.00    0.00    0.00     0.00     0.00     0.00     0.00    0.00    0.00    0.00   0.00   0.00
vg_perf10_rhel65-lv_root     0.00     0.00    0.00    0.00     0.00     0.00     0.00     0.00    0.00    0.00    0.00   0.00   0.00
vg_perf10_rhel65-lv_swap     0.00     0.00    0.00    0.00     0.00     0.00     0.00     0.00    0.00    0.00    0.00   0.00   0.00
vg_perf10_rhel65-lv_home     0.00     0.00    0.00    0.00     0.00     0.00     0.00     0.00    0.00    0.00    0.00   0.00   0.00

08/05/15 15:08:25
avg-cpu:  %user   %nice %system %iowait  %steal   %idle
           8.54    0.00    9.81    0.01    0.00   81.64

Device:         rrqm/s   wrqm/s     r/s     w/s    rMB/s    wMB/s avgrq-sz avgqu-sz   await r_await w_await  svctm  %util
sdb               0.00     2.00    0.00   76.67     0.00     1.75    46.78     0.08    1.07    0.00    1.07   0.02   0.17
sda               0.00     0.00    0.00    0.00     0.00     0.00     0.00     0.00    0.00    0.00    0.00   0.00   0.00
sdc               0.00     0.00    0.00    0.00     0.00     0.00     0.00     0.00    0.00    0.00    0.00   0.00   0.00
sdd               0.00     0.00    0.00    0.00     0.00     0.00     0.00     0.00    0.00    0.00    0.00   0.00   0.00
sde           48991.00     0.00 55866.33    0.00   421.88     0.00    15.47   258.78    4.63    4.63    0.00   0.02 100.07
perf10_rhel7--root-root     0.00     0.00    0.00   78.67     0.00     1.75    45.59     0.09    1.08    0.00    1.08   0.02   0.17
perf10_rhel7--root-swap     0.00     0.00    0.00    0.00     0.00     0.00     0.00     0.00    0.00    0.00    0.00   0.00   0.00
perf10_rhel7--root-home     0.00     0.00    0.00    0.00     0.00     0.00     0.00     0.00    0.00    0.00    0.00   0.00   0.00
vg_perf10_rhel65-lv_root     0.00     0.00    0.00    0.00     0.00     0.00     0.00     0.00    0.00    0.00    0.00   0.00   0.00
vg_perf10_rhel65-lv_swap     0.00     0.00    0.00    0.00     0.00     0.00     0.00     0.00    0.00    0.00    0.00   0.00   0.00
vg_perf10_rhel65-lv_home     0.00     0.00    0.00    0.00     0.00     0.00     0.00     0.00    0.00    0.00    0.00   0.00   0.00

08/05/15 15:08:28
avg-cpu:  %user   %nice %system %iowait  %steal   %idle
           8.67    0.00    9.67    0.00    0.00   81.66

Device:         rrqm/s   wrqm/s     r/s     w/s    rMB/s    wMB/s avgrq-sz avgqu-sz   await r_await w_await  svctm  %util
sdb               0.00     0.00    0.00    3.00     0.00     0.02    13.44     0.00    0.11    0.00    0.11   0.11   0.03
sda               0.00     0.00    0.00    0.00     0.00     0.00     0.00     0.00    0.00    0.00    0.00   0.00   0.00
sdc               0.00     0.00    0.00    0.00     0.00     0.00     0.00     0.00    0.00    0.00    0.00   0.00   0.00
sdd               0.00     0.00    0.00    0.00     0.00     0.00     0.00     0.00    0.00    0.00    0.00   0.00   0.00
sde           48524.67     0.00 55271.67    0.00   417.28     0.00    15.46   259.58    4.68    4.68    0.00   0.02 100.27
perf10_rhel7--root-root     0.00     0.00    0.00    2.67     0.00     0.02    15.12     0.00    0.12    0.00    0.12   0.13   0.03
perf10_rhel7--root-swap     0.00     0.00    0.00    0.00     0.00     0.00     0.00     0.00    0.00    0.00    0.00   0.00   0.00
perf10_rhel7--root-home     0.00     0.00    0.00    0.00     0.00     0.00     0.00     0.00    0.00    0.00    0.00   0.00   0.00
vg_perf10_rhel65-lv_root     0.00     0.00    0.00    0.00     0.00     0.00     0.00     0.00    0.00    0.00    0.00   0.00   0.00
vg_perf10_rhel65-lv_swap     0.00     0.00    0.00    0.00     0.00     0.00     0.00     0.00    0.00    0.00    0.00   0.00   0.00
vg_perf10_rhel65-lv_home     0.00     0.00    0.00    0.00     0.00     0.00     0.00     0.00    0.00    0.00    0.00   0.00   0.00

08/05/15 15:08:31
avg-cpu:  %user   %nice %system %iowait  %steal   %idle
           8.54    0.00    9.64    0.00    0.00   81.81

Device:         rrqm/s   wrqm/s     r/s     w/s    rMB/s    wMB/s avgrq-sz avgqu-sz   await r_await w_await  svctm  %util
sdb               0.00     0.00    0.00    0.00     0.00     0.00     0.00     0.00    0.00    0.00    0.00   0.00   0.00
sda               0.00     0.00    0.00    0.00     0.00     0.00     0.00     0.00    0.00    0.00    0.00   0.00   0.00
sdc               0.00     0.00    0.00    0.00     0.00     0.00     0.00     0.00    0.00    0.00    0.00   0.00   0.00
sdd               0.00     0.00    0.00    0.00     0.00     0.00     0.00     0.00    0.00    0.00    0.00   0.00   0.00
sde           48796.00     0.00 55452.00    0.00   418.89     0.00    15.47   259.08    4.66    4.66    0.00   0.02 100.17
perf10_rhel7--root-root     0.00     0.00    0.00    0.00     0.00     0.00     0.00     0.00    0.00    0.00    0.00   0.00   0.00
perf10_rhel7--root-swap     0.00     0.00    0.00    0.00     0.00     0.00     0.00     0.00    0.00    0.00    0.00   0.00   0.00
perf10_rhel7--root-home     0.00     0.00    0.00    0.00     0.00     0.00     0.00     0.00    0.00    0.00    0.00   0.00   0.00
vg_perf10_rhel65-lv_root     0.00     0.00    0.00    0.00     0.00     0.00     0.00     0.00    0.00    0.00    0.00   0.00   0.00
vg_perf10_rhel65-lv_swap     0.00     0.00    0.00    0.00     0.00     0.00     0.00     0.00    0.00    0.00    0.00   0.00   0.00
vg_perf10_rhel65-lv_home     0.00     0.00    0.00    0.00     0.00     0.00     0.00     0.00    0.00    0.00    0.00   0.00   0.00

08/05/15 15:08:34
avg-cpu:  %user   %nice %system %iowait  %steal   %idle
           8.49    0.00    9.89    0.00    0.00   81.62

Device:         rrqm/s   wrqm/s     r/s     w/s    rMB/s    wMB/s avgrq-sz avgqu-sz   await r_await w_await  svctm  %util
sdb               0.00     2.33    0.00   56.67     0.00     2.42    87.29     0.11    1.97    0.00    1.97   0.03   0.17
sda               0.00     0.00    0.00    0.00     0.00     0.00     0.00     0.00    0.00    0.00    0.00   0.00   0.00
sdc               0.00     0.00    0.00    0.00     0.00     0.00     0.00     0.00    0.00    0.00    0.00   0.00   0.00
sdd               0.00     0.00    0.00    0.00     0.00     0.00     0.00     0.00    0.00    0.00    0.00   0.00   0.00
sde           48634.67     0.00 55637.00    0.00   419.58     0.00    15.44   259.00    4.65    4.65    0.00   0.02 100.17
perf10_rhel7--root-root     0.00     0.00    0.00   59.00     0.00     2.42    83.84     0.12    1.97    0.00    1.97   0.03   0.17
perf10_rhel7--root-swap     0.00     0.00    0.00    0.00     0.00     0.00     0.00     0.00    0.00    0.00    0.00   0.00   0.00
perf10_rhel7--root-home     0.00     0.00    0.00    0.00     0.00     0.00     0.00     0.00    0.00    0.00    0.00   0.00   0.00
vg_perf10_rhel65-lv_root     0.00     0.00    0.00    0.00     0.00     0.00     0.00     0.00    0.00    0.00    0.00   0.00   0.00
vg_perf10_rhel65-lv_swap     0.00     0.00    0.00    0.00     0.00     0.00     0.00     0.00    0.00    0.00    0.00   0.00   0.00
vg_perf10_rhel65-lv_home     0.00     0.00    0.00    0.00     0.00     0.00     0.00     0.00    0.00    0.00    0.00   0.00   0.00

08/05/15 15:08:37
avg-cpu:  %user   %nice %system %iowait  %steal   %idle
           8.90    0.00    9.98    0.00    0.00   81.12

Device:         rrqm/s   wrqm/s     r/s     w/s    rMB/s    wMB/s avgrq-sz avgqu-sz   await r_await w_await  svctm  %util
sdb               0.00     0.00    0.00    0.00     0.00     0.00     0.00     0.00    0.00    0.00    0.00   0.00   0.00
sda               0.00     0.00    0.00    0.00     0.00     0.00     0.00     0.00    0.00    0.00    0.00   0.00   0.00
sdc               0.00     0.00    0.00    0.00     0.00     0.00     0.00     0.00    0.00    0.00    0.00   0.00   0.00
sdd               0.00     0.00    0.00    0.00     0.00     0.00     0.00     0.00    0.00    0.00    0.00   0.00   0.00
sde           48815.00     0.00 55324.67    0.00   417.80     0.00    15.47   259.24    4.67    4.67    0.00   0.02 100.13
perf10_rhel7--root-root     0.00     0.00    0.00    0.00     0.00     0.00     0.00     0.00    0.00    0.00    0.00   0.00   0.00
perf10_rhel7--root-swap     0.00     0.00    0.00    0.00     0.00     0.00     0.00     0.00    0.00    0.00    0.00   0.00   0.00
perf10_rhel7--root-home     0.00     0.00    0.00    0.00     0.00     0.00     0.00     0.00    0.00    0.00    0.00   0.00   0.00
vg_perf10_rhel65-lv_root     0.00     0.00    0.00    0.00     0.00     0.00     0.00     0.00    0.00    0.00    0.00   0.00   0.00
vg_perf10_rhel65-lv_swap     0.00     0.00    0.00    0.00     0.00     0.00     0.00     0.00    0.00    0.00    0.00   0.00   0.00
vg_perf10_rhel65-lv_home     0.00     0.00    0.00    0.00     0.00     0.00     0.00     0.00    0.00    0.00    0.00   0.00   0.00

