1438801678752:  Package    Core     CPU Avg_MHz   %Busy Bzy_MHz TSC_MHz     SMI  CPU%c1  CPU%c3  CPU%c6  CPU%c7 CoreTmp  PkgTmp Pkg%pc2 Pkg%pc3 Pkg%pc6 Pkg%pc7 PkgWatt CorWatt RAMWatt   PKG_%   RAM_%
1438801678752:        -       -       -     176    5.35    3300    3000       0   94.65    0.00    0.00    0.00      70      70    0.00    0.00    0.00    0.00  124.61   98.68   32.66    0.00    0.00
1438801678752:        0       0       0       8    0.23    3312    3012       0   99.77    0.00    0.00    0.00      62      63    0.00    0.00    0.00    0.00   59.35   46.47   15.78    0.00    0.00
1438801678752:        0       0      20      10    0.31    3306    3007       0   99.69
1438801678752:        0       1       2       4    0.12    3306    3007       0   99.88    0.00    0.00    0.00      63
1438801678752:        0       1      22     287    8.68    3307    3007       0   91.32
1438801678752:        0       2       4       5    0.15    3307    3007       0   99.85    0.00    0.00    0.00      60
1438801678752:        0       2      24     101    3.06    3298    2998       0   96.94
1438801678752:        0       3       6       8    0.23    3297    2998       0   99.77    0.00    0.00    0.00      63
1438801678752:        0       3      26       2    0.07    3297    2998       0   99.93
1438801678752:        0       4       8       6    0.20    3297    2998       0   99.80    0.00    0.00    0.00      62
1438801678752:        0       4      28       8    0.24    3298    2998       0   99.76
1438801678752:        0       8      10      20    0.61    3298    2998       0   99.39    0.00    0.00    0.00      58
1438801678752:        0       8      30      27    0.82    3298    2998       0   99.18
1438801678752:        0       9      12     574   17.41    3298    2998       0   82.59    0.00    0.00    0.00      63
1438801678752:        0       9      32       4    0.13    3297    2998       0   99.87
1438801678752:        0      10      14      20    0.61    3298    2998       0   99.39    0.00    0.00    0.00      61
1438801678752:        0      10      34       5    0.16    3297    2998       0   99.84
1438801678752:        0      11      16     530   16.06    3298    2998       0   83.94    0.00    0.00    0.00      62
1438801678752:        0      11      36       9    0.26    3297    2998       0   99.74
1438801678752:        0      12      18       5    0.15    3298    2998       0   99.85    0.00    0.00    0.00      61
1438801678752:        0      12      38     612   18.57    3298    2998       0   81.43
1438801678752:        1       0       1     554   16.79    3298    2998       0   83.21    0.00    0.00    0.00      66      70    0.00    0.00    0.00    0.00   65.26   52.21   16.88    0.00    0.00
1438801678752:        1       0      21       4    0.13    3297    2998       0   99.87
1438801678752:        1       1       3     586   17.77    3298    2998       0   82.23    0.00    0.00    0.00      70
1438801678752:        1       1      23     279    8.45    3298    2998       0   91.55
1438801678752:        1       2       5     277    8.39    3298    2998       0   91.61    0.00    0.00    0.00      67
1438801678752:        1       2      25     145    4.39    3298    2998       0   95.61
1438801678752:        1       3       7      30    0.91    3298    2998       0   99.09    0.00    0.00    0.00      66
1438801678752:        1       3      27      20    0.60    3300    3000       0   99.40
1438801678752:        1       4       9     605   18.33    3300    3000       0   81.67    0.00    0.00    0.00      62
1438801678752:        1       4      29       3    0.09    3300    3000       0   99.91
1438801678752:        1       8      11     527   15.98    3300    3000       0   84.02    0.00    0.00    0.00      65
1438801678752:        1       8      31      25    0.75    3300    3000       0   99.25
1438801678752:        1       9      13     691   20.94    3300    3000       0   79.06    0.00    0.00    0.00      63
1438801678752:        1       9      33       3    0.11    3298    3000       0   99.89
1438801678752:        1      10      15      25    0.75    3300    3000       0   99.25    0.00    0.00    0.00      63
1438801678752:        1      10      35     506   15.33    3300    3000       0   84.67
1438801678752:        1      11      17      12    0.37    3300    3000       0   99.63    0.00    0.00    0.00      66
1438801678752:        1      11      37      10    0.29    3299    3000       0   99.71
1438801678752:        1      12      19      10    0.31    3301    3000       0   99.69    0.00    0.00    0.00      65
1438801678752:        1      12      39     504   15.27    3300    3000       0   84.73
1438801681754:  Package    Core     CPU Avg_MHz   %Busy Bzy_MHz TSC_MHz     SMI  CPU%c1  CPU%c3  CPU%c6  CPU%c7 CoreTmp  PkgTmp Pkg%pc2 Pkg%pc3 Pkg%pc6 Pkg%pc7 PkgWatt CorWatt RAMWatt   PKG_%   RAM_%
1438801681754:        -       -       -     192    5.83    3301    3001       0   94.17    0.00    0.00    0.00      71      70    0.00    0.00    0.00    0.00  125.10   99.20   32.89    0.00    0.00
1438801681754:        0       0       0     156    4.73    3301    3001       0   95.27    0.00    0.00    0.00      62      65    0.00    0.00    0.00    0.00   57.98   45.14   15.73    0.00    0.00
1438801681754:        0       0      20       7    0.22    3302    3001       0   99.78
1438801681754:        0       1       2     546   16.53    3301    3001       0   83.47    0.00    0.00    0.00      63
1438801681754:        0       1      22     110    3.33    3301    3001       0   96.67
1438801681754:        0       2       4       7    0.22    3302    3001       0   99.78    0.00    0.00    0.00      60
1438801681754:        0       2      24      14    0.41    3301    3001       0   99.59
1438801681754:        0       3       6     411   12.45    3301    3001       0   87.55    0.00    0.00    0.00      63
1438801681754:        0       3      26       4    0.12    3302    3001       0   99.88
1438801681754:        0       4       8      37    1.11    3301    3001       0   98.89    0.00    0.00    0.00      61
1438801681754:        0       4      28      20    0.60    3301    3001       0   99.40
1438801681754:        0       8      10      19    0.59    3301    3001       0   99.41    0.00    0.00    0.00      59
1438801681754:        0       8      30      26    0.79    3301    3001       0   99.21
1438801681754:        0       9      12      12    0.38    3301    3001       0   99.62    0.00    0.00    0.00      63
1438801681754:        0       9      32       6    0.19    3301    3001       0   99.81
1438801681754:        0      10      14       4    0.11    3302    3001       0   99.89    0.00    0.00    0.00      62
1438801681754:        0      10      34       5    0.14    3296    3001       0   99.86
1438801681754:        0      11      16      25    0.76    3301    3001       0   99.24    0.00    0.00    0.00      62
1438801681754:        0      11      36       9    0.28    3301    3001       0   99.72
1438801681754:        0      12      18     203    6.15    3301    3001       0   93.85    0.00    0.00    0.00      65
1438801681754:        0      12      38      21    0.63    3301    3001       0   99.37
1438801681754:        1       0       1      61    1.84    3301    3001       0   98.16    0.00    0.00    0.00      65      70    0.00    0.00    0.00    0.00   67.12   54.06   17.16    0.00    0.00
1438801681754:        1       0      21       3    0.08    3302    3001       0   99.92
1438801681754:        1       1       3     757   22.94    3301    3001       0   77.06    0.00    0.00    0.00      63
1438801681754:        1       1      23     580   17.57    3301    3001       0   82.43
1438801681754:        1       2       5    1010   30.59    3301    3001       0   69.41    0.00    0.00    0.00      62
1438801681754:        1       2      25     285    8.64    3301    3001       0   91.36
1438801681754:        1       3       7     581   17.59    3301    3001       0   82.41    0.00    0.00    0.00      66
1438801681754:        1       3      27      53    1.60    3300    3000       0   98.40
1438801681754:        1       4       9     609   18.47    3300    3000       0   81.53    0.00    0.00    0.00      67
1438801681754:        1       4      29       5    0.14    3301    3000       0   99.86
1438801681754:        1       8      11     290    8.79    3300    3000       0   91.21    0.00    0.00    0.00      65
1438801681754:        1       8      31       4    0.12    3300    3000       0   99.88
1438801681754:        1       9      13      32    0.98    3300    3000       0   99.02    0.00    0.00    0.00      63
1438801681754:        1       9      33       5    0.16    3301    3000       0   99.84
1438801681754:        1      10      15     704   21.34    3300    3000       0   78.66    0.00    0.00    0.00      64
1438801681754:        1      10      35      13    0.40    3300    3000       0   99.60
1438801681754:        1      11      17      22    0.66    3300    3000       0   99.34    0.00    0.00    0.00      71
1438801681754:        1      11      37     471   14.28    3300    3000       0   85.72
1438801681754:        1      12      19      39    1.17    3300    3000       0   98.83    0.00    0.00    0.00      66
1438801681754:        1      12      39     529   16.03    3300    3000       0   83.97
1438801684755:  Package    Core     CPU Avg_MHz   %Busy Bzy_MHz TSC_MHz     SMI  CPU%c1  CPU%c3  CPU%c6  CPU%c7 CoreTmp  PkgTmp Pkg%pc2 Pkg%pc3 Pkg%pc6 Pkg%pc7 PkgWatt CorWatt RAMWatt   PKG_%   RAM_%
1438801684755:        -       -       -     248    7.51    3300    3000       0   92.49    0.00    0.00    0.00      69      69    0.00    0.00    0.00    0.00  126.32  100.40   33.06    0.00    0.00
1438801684755:        0       0       0     447   13.55    3301    3001       0   86.45    0.00    0.00    0.00      63      64    0.00    0.00    0.00    0.00   58.52   45.69   15.76    0.00    0.00
1438801684755:        0       0      20      47    1.42    3301    3001       0   98.58
1438801684755:        0       1       2      66    2.01    3301    3001       0   97.99    0.00    0.00    0.00      64
1438801684755:        0       1      22     139    4.22    3301    3001       0   95.78
1438801684755:        0       2       4      61    1.84    3301    3001       0   98.16    0.00    0.00    0.00      60
1438801684755:        0       2      24      40    1.21    3301    3001       0   98.79
1438801684755:        0       3       6      54    1.62    3301    3001       0   98.38    0.00    0.00    0.00      64
1438801684755:        0       3      26      38    1.14    3301    3001       0   98.86
1438801684755:        0       4       8     126    3.82    3300    3001       0   96.18    0.00    0.00    0.00      64
1438801684755:        0       4      28      38    1.15    3300    3001       0   98.85
1438801684755:        0       8      10     144    4.35    3301    3001       0   95.65    0.00    0.00    0.00      60
1438801684755:        0       8      30      44    1.32    3301    3001       0   98.68
1438801684755:        0       9      12      97    2.93    3301    3001       0   97.07    0.00    0.00    0.00      64
1438801684755:        0       9      32      38    1.15    3301    3001       0   98.85
1438801684755:        0      10      14      55    1.66    3301    3001       0   98.34    0.00    0.00    0.00      63
1438801684755:        0      10      34      36    1.09    3301    3001       0   98.91
1438801684755:        0      11      16     129    3.91    3301    3001       0   96.09    0.00    0.00    0.00      63
1438801684755:        0      11      36      46    1.40    3301    3001       0   98.60
1438801684755:        0      12      18     176    5.33    3301    3001       0   94.67    0.00    0.00    0.00      62
1438801684755:        0      12      38     700   21.21    3301    3001       0   78.79
1438801684755:        1       0       1     216    6.55    3301    3001       0   93.45    0.00    0.00    0.00      68      69    0.00    0.00    0.00    0.00   67.79   54.71   17.30    0.00    0.00
1438801684755:        1       0      21      51    1.54    3301    3001       0   98.46
1438801684755:        1       1       3     752   22.80    3301    3001       0   77.20    0.00    0.00    0.00      67
1438801684755:        1       1      23     222    6.74    3301    3001       0   93.26
1438801684755:        1       2       5     630   19.10    3301    3001       0   80.90    0.00    0.00    0.00      64
1438801684755:        1       2      25     125    3.78    3301    3001       0   96.22
1438801684755:        1       3       7     203    6.14    3301    3001       0   93.86    0.00    0.00    0.00      66
1438801684755:        1       3      27     242    7.32    3300    3000       0   92.68
1438801684755:        1       4       9     651   19.72    3300    3000       0   80.28    0.00    0.00    0.00      65
1438801684755:        1       4      29     136    4.14    3300    3000       0   95.86
1438801684755:        1       8      11     712   21.59    3300    3000       0   78.41    0.00    0.00    0.00      68
1438801684755:        1       8      31     126    3.82    3300    3000       0   96.18
1438801684755:        1       9      13     672   20.37    3300    3000       0   79.63    0.00    0.00    0.00      65
1438801684755:        1       9      33     143    4.32    3300    3000       0   95.68
1438801684755:        1      10      15     740   22.44    3300    3000       0   77.56    0.00    0.00    0.00      66
1438801684755:        1      10      35     130    3.94    3300    3000       0   96.06
1438801684755:        1      11      17     198    6.01    3300    3000       0   93.99    0.00    0.00    0.00      67
1438801684755:        1      11      37     189    5.74    3300    3000       0   94.26
1438801684755:        1      12      19    1207   36.57    3300    3000       0   63.43    0.00    0.00    0.00      69
1438801684755:        1      12      39      49    1.47    3300    3000       0   98.53
1438801687757:  Package    Core     CPU Avg_MHz   %Busy Bzy_MHz TSC_MHz     SMI  CPU%c1  CPU%c3  CPU%c6  CPU%c7 CoreTmp  PkgTmp Pkg%pc2 Pkg%pc3 Pkg%pc6 Pkg%pc7 PkgWatt CorWatt RAMWatt   PKG_%   RAM_%
1438801687757:        -       -       -     737   22.33    3300    3000       0   77.67    0.00    0.00    0.00      69      68    0.00    0.00    0.00    0.00  152.29  126.13   34.42    0.00    0.00
1438801687757:        0       0       0     760   23.03    3300    3000       0   76.97    0.00    0.00    0.00      63      65    0.00    0.00    0.00    0.00   70.63   57.65   16.71    0.00    0.00
1438801687757:        0       0      20     258    7.83    3300    3000       0   92.17
1438801687757:        0       1       2     710   21.53    3300    3000       0   78.47    0.00    0.00    0.00      65
1438801687757:        0       1      22     162    4.91    3300    3000       0   95.09
1438801687757:        0       2       4     708   21.47    3300    3000       0   78.53    0.00    0.00    0.00      60
1438801687757:        0       2      24      79    2.40    3300    3000       0   97.60
1438801687757:        0       3       6     708   21.47    3300    3000       0   78.53    0.00    0.00    0.00      64
1438801687757:        0       3      26      97    2.95    3300    3000       0   97.05
1438801687757:        0       4       8    2452   74.31    3300    3000       0   25.69    0.00    0.00    0.00      64
1438801687757:        0       4      28      61    1.86    3300    3000       0   98.14
1438801687757:        0       8      10    1118   33.88    3300    3000       0   66.12    0.00    0.00    0.00      60
1438801687757:        0       8      30     160    4.83    3300    3000       0   95.17
1438801687757:        0       9      12     914   27.69    3300    3000       0   72.31    0.00    0.00    0.00      65
1438801687757:        0       9      32     226    6.84    3300    3000       0   93.16
1438801687757:        0      10      14     797   24.16    3300    3000       0   75.84    0.00    0.00    0.00      64
1438801687757:        0      10      34      90    2.74    3300    3000       0   97.26
1438801687757:        0      11      16     749   22.71    3300    3000       0   77.29    0.00    0.00    0.00      63
1438801687757:        0      11      36     211    6.40    3300    3000       0   93.60
1438801687757:        0      12      18     728   22.06    3300    3000       0   77.94    0.00    0.00    0.00      62
1438801687757:        0      12      38     103    3.12    3300    3000       0   96.88
1438801687757:        1       0       1    1534   46.49    3300    3000       0   53.51    0.00    0.00    0.00      68      68    0.00    0.00    0.00    0.00   81.66   68.48   17.71    0.00    0.00
1438801687757:        1       0      21     306    9.27    3300    3000       0   90.73
1438801687757:        1       1       3    1533   46.47    3300    3000       0   53.53    0.00    0.00    0.00      67
1438801687757:        1       1      23     304    9.21    3300    3000       0   90.79
1438801687757:        1       2       5    1538   46.61    3300    3000       0   53.39    0.00    0.00    0.00      65
1438801687757:        1       2      25     300    9.09    3300    3000       0   90.91
1438801687757:        1       3       7    1518   46.01    3300    3000       0   53.99    0.00    0.00    0.00      68
1438801687757:        1       3      27     356   10.79    3300    3000       0   89.21
1438801687757:        1       4       9    1538   46.61    3300    3000       0   53.39    0.00    0.00    0.00      65
1438801687757:        1       4      29     292    8.86    3300    3000       0   91.14
1438801687757:        1       8      11    1535   46.53    3300    3000       0   53.47    0.00    0.00    0.00      68
1438801687757:        1       8      31     310    9.41    3300    3000       0   90.59
1438801687757:        1       9      13    1516   45.95    3300    3000       0   54.05    0.00    0.00    0.00      66
1438801687757:        1       9      33     318    9.64    3300    3000       0   90.36
1438801687757:        1      10      15    1532   46.41    3300    3000       0   53.59    0.00    0.00    0.00      67
1438801687757:        1      10      35     291    8.81    3300    3000       0   91.19
1438801687757:        1      11      17    1532   46.41    3300    3000       0   53.59    0.00    0.00    0.00      68
1438801687757:        1      11      37     311    9.44    3300    3000       0   90.56
1438801687757:        1      12      19    1522   46.11    3300    3000       0   53.89    0.00    0.00    0.00      69
1438801687757:        1      12      39     300    9.09    3300    3000       0   90.91
1438801690758:  Package    Core     CPU Avg_MHz   %Busy Bzy_MHz TSC_MHz     SMI  CPU%c1  CPU%c3  CPU%c6  CPU%c7 CoreTmp  PkgTmp Pkg%pc2 Pkg%pc3 Pkg%pc6 Pkg%pc7 PkgWatt CorWatt RAMWatt   PKG_%   RAM_%
1438801690758:        -       -       -     731   22.14    3300    3000       0   77.86    0.00    0.00    0.00      70      70    0.00    0.00    0.00    0.00  152.03  125.86   34.41    0.00    0.00
1438801690758:        0       0       0     736   22.30    3300    3000       0   77.70    0.00    0.00    0.00      62      64    0.00    0.00    0.00    0.00   69.86   56.88   16.71    0.00    0.00
1438801690758:        0       0      20     102    3.10    3300    3000       0   96.90
1438801690758:        0       1       2     683   20.70    3300    3000       0   79.30    0.00    0.00    0.00      64
1438801690758:        0       1      22     112    3.39    3300    3000       0   96.61
1438801690758:        0       2       4     685   20.76    3300    3000       0   79.24    0.00    0.00    0.00      61
1438801690758:        0       2      24      81    2.47    3300    3000       0   97.53
1438801690758:        0       3       6     677   20.52    3300    3000       0   79.48    0.00    0.00    0.00      64
1438801690758:        0       3      26      94    2.86    3300    3000       0   97.14
1438801690758:        0       4       8    2457   74.45    3300    3000       0   25.55    0.00    0.00    0.00      64
1438801690758:        0       4      28      42    1.26    3300    3000       0   98.74
1438801690758:        0       8      10    1137   34.44    3300    3000       0   65.56    0.00    0.00    0.00      60
1438801690758:        0       8      30      57    1.71    3300    3000       0   98.29
1438801690758:        0       9      12     885   26.81    3300    3000       0   73.19    0.00    0.00    0.00      64
1438801690758:        0       9      32      94    2.84    3300    3000       0   97.16
1438801690758:        0      10      14     798   24.19    3300    3000       0   75.81    0.00    0.00    0.00      62
1438801690758:        0      10      34      68    2.07    3300    3000       0   97.93
1438801690758:        0      11      16     737   22.35    3300    3000       0   77.65    0.00    0.00    0.00      62
1438801690758:        0      11      36     110    3.35    3300    3000       0   96.65
1438801690759:        0      12      18     718   21.76    3300    3000       0   78.24    0.00    0.00    0.00      61
1438801690759:        0      12      38     161    4.88    3300    3000       0   95.12
1438801690759:        1       0       1    1542   46.72    3300    3000       0   53.28    0.00    0.00    0.00      69      70    0.00    0.00    0.00    0.00   82.17   68.98   17.70    0.00    0.00
1438801690759:        1       0      21     326    9.89    3300    3000       0   90.11
1438801690759:        1       1       3    1529   46.33    3300    3000       0   53.67    0.00    0.00    0.00      68
1438801690759:        1       1      23     336   10.18    3300    3000       0   89.82
1438801690759:        1       2       5    1546   46.84    3300    3000       0   53.16    0.00    0.00    0.00      65
1438801690759:        1       2      25     322    9.74    3300    3000       0   90.26
1438801690759:        1       3       7    1518   45.99    3300    3000       0   54.01    0.00    0.00    0.00      68
1438801690759:        1       3      27     359   10.89    3300    3000       0   89.11
1438801690759:        1       4       9    1548   46.90    3300    3000       0   53.10    0.00    0.00    0.00      65
1438801690759:        1       4      29     349   10.56    3300    3000       0   89.44
1438801690759:        1       8      11    1547   46.89    3300    3000       0   53.11    0.00    0.00    0.00      67
1438801690759:        1       8      31     320    9.70    3300    3000       0   90.30
1438801690759:        1       9      13    1555   47.12    3300    3000       0   52.88    0.00    0.00    0.00      67
1438801690759:        1       9      33     339   10.26    3300    3000       0   89.74
1438801690759:        1      10      15    1536   46.54    3300    3000       0   53.46    0.00    0.00    0.00      66
1438801690759:        1      10      35     355   10.76    3300    3000       0   89.24
1438801690759:        1      11      17    1564   47.41    3300    3000       0   52.59    0.00    0.00    0.00      68
1438801690759:        1      11      37     326    9.87    3300    3000       0   90.13
1438801690759:        1      12      19    1540   46.68    3300    3000       0   53.32    0.00    0.00    0.00      70
1438801690759:        1      12      39     336   10.19    3300    3000       0   89.81
1438801693760:  Package    Core     CPU Avg_MHz   %Busy Bzy_MHz TSC_MHz     SMI  CPU%c1  CPU%c3  CPU%c6  CPU%c7 CoreTmp  PkgTmp Pkg%pc2 Pkg%pc3 Pkg%pc6 Pkg%pc7 PkgWatt CorWatt RAMWatt   PKG_%   RAM_%
1438801693760:        -       -       -     723   21.92    3300    3000       0   78.08    0.00    0.00    0.00      69      69    0.00    0.00    0.00    0.00  151.66  125.48   34.44    0.00    0.00
1438801693760:        0       0       0     705   21.35    3300    3000       0   78.65    0.00    0.00    0.00      63      64    0.00    0.00    0.00    0.00   69.38   56.39   16.76    0.00    0.00
1438801693760:        0       0      20      57    1.72    3300    3000       0   98.28
1438801693760:        0       1       2     670   20.31    3300    3000       0   79.69    0.00    0.00    0.00      63
1438801693760:        0       1      22      54    1.65    3300    3000       0   98.35
1438801693760:        0       2       4     662   20.05    3300    3000       0   79.95    0.00    0.00    0.00      61
1438801693760:        0       2      24      73    2.23    3300    3000       0   97.77
1438801693760:        0       3       6     696   21.10    3300    3000       0   78.90    0.00    0.00    0.00      64
1438801693760:        0       3      26      82    2.47    3300    3000       0   97.53
1438801693760:        0       4       8    2511   76.10    3300    3000       0   23.90    0.00    0.00    0.00      64
1438801693760:        0       4      28      71    2.17    3300    3000       0   97.83
1438801693760:        0       8      10    1103   33.41    3300    3000       0   66.59    0.00    0.00    0.00      60
1438801693760:        0       8      30      69    2.10    3300    3000       0   97.90
1438801693760:        0       9      12     862   26.13    3300    3000       0   73.87    0.00    0.00    0.00      63
1438801693760:        0       9      32      80    2.42    3300    3000       0   97.58
1438801693760:        0      10      14     750   22.72    3300    3000       0   77.28    0.00    0.00    0.00      62
1438801693760:        0      10      34     128    3.88    3300    3000       0   96.12
1438801693760:        0      11      16     701   21.26    3300    3000       0   78.74    0.00    0.00    0.00      63
1438801693760:        0      11      36      62    1.87    3300    3000       0   98.13
1438801693760:        0      12      18     677   20.52    3300    3000       0   79.48    0.00    0.00    0.00      62
1438801693760:        0      12      38      86    2.61    3300    3000       0   97.39
1438801693760:        1       0       1    1556   47.16    3300    3000       0   52.84    0.00    0.00    0.00      68      69    0.00    0.00    0.00    0.00   82.28   69.09   17.69    0.00    0.00
1438801693760:        1       0      21     329    9.96    3300    3000       0   90.04
1438801693760:        1       1       3    1570   47.58    3300    3000       0   52.42    0.00    0.00    0.00      69
1438801693760:        1       1      23     314    9.51    3300    3000       0   90.49
1438801693760:        1       2       5    1558   47.22    3300    3000       0   52.78    0.00    0.00    0.00      65
1438801693760:        1       2      25     324    9.82    3300    3000       0   90.18
1438801693760:        1       3       7    1555   47.11    3300    3000       0   52.89    0.00    0.00    0.00      68
1438801693760:        1       3      27     337   10.20    3300    3000       0   89.80
1438801693760:        1       4       9    1578   47.82    3300    3000       0   52.18    0.00    0.00    0.00      66
1438801693760:        1       4      29     314    9.52    3300    3000       0   90.48
1438801693760:        1       8      11    1582   47.93    3300    3000       0   52.07    0.00    0.00    0.00      67
1438801693760:        1       8      31     313    9.48    3300    3000       0   90.52
1438801693760:        1       9      13    1570   47.57    3300    3000       0   52.43    0.00    0.00    0.00      68
1438801693760:        1       9      33     325    9.84    3300    3000       0   90.16
1438801693760:        1      10      15    1557   47.19    3300    3000       0   52.81    0.00    0.00    0.00      67
1438801693760:        1      10      35     295    8.94    3300    3000       0   91.06
1438801693760:        1      11      17    1560   47.28    3300    3000       0   52.72    0.00    0.00    0.00      69
1438801693760:        1      11      37     315    9.56    3300    3000       0   90.44
1438801693760:        1      12      19    1558   47.23    3300    3000       0   52.77    0.00    0.00    0.00      69
1438801693760:        1      12      39     328    9.93    3300    3000       0   90.07
1438801696762:  Package    Core     CPU Avg_MHz   %Busy Bzy_MHz TSC_MHz     SMI  CPU%c1  CPU%c3  CPU%c6  CPU%c7 CoreTmp  PkgTmp Pkg%pc2 Pkg%pc3 Pkg%pc6 Pkg%pc7 PkgWatt CorWatt RAMWatt   PKG_%   RAM_%
1438801696762:        -       -       -     714   21.65    3300    3000       0   78.35    0.00    0.00    0.00      70      70    0.00    0.00    0.00    0.00  151.09  124.92   34.38    0.00    0.00
1438801696762:        0       0       0     638   19.33    3300    3000       0   80.67    0.00    0.00    0.00      62      64    0.00    0.00    0.00    0.00   68.59   55.61   16.71    0.00    0.00
1438801696762:        0       0      20      69    2.10    3300    3000       0   97.90
1438801696762:        0       1       2     608   18.43    3300    3000       0   81.57    0.00    0.00    0.00      63
1438801696762:        0       1      22     132    4.01    3300    3000       0   95.99
1438801696762:        0       2       4     611   18.52    3300    3000       0   81.48    0.00    0.00    0.00      61
1438801696762:        0       2      24      57    1.72    3300    3000       0   98.28
1438801696762:        0       3       6     617   18.71    3300    3000       0   81.29    0.00    0.00    0.00      64
1438801696762:        0       3      26     120    3.65    3300    3000       0   96.35
1438801696762:        0       4       8    2414   73.16    3300    3000       0   26.84    0.00    0.00    0.00      63
1438801696762:        0       4      28      36    1.10    3300    3000       0   98.90
1438801696762:        0       8      10    1036   31.41    3300    3000       0   68.59    0.00    0.00    0.00      60
1438801696762:        0       8      30      56    1.71    3300    3000       0   98.29
1438801696762:        0       9      12     798   24.17    3300    3000       0   75.83    0.00    0.00    0.00      64
1438801696762:        0       9      32      61    1.85    3300    3000       0   98.15
1438801696762:        0      10      14     682   20.66    3300    3000       0   79.34    0.00    0.00    0.00      61
1438801696762:        0      10      34      49    1.50    3300    3000       0   98.50
1438801696762:        0      11      16     639   19.36    3300    3000       0   80.64    0.00    0.00    0.00      62
1438801696762:        0      11      36     220    6.67    3300    3000       0   93.33
1438801696762:        0      12      18     627   19.00    3300    3000       0   81.00    0.00    0.00    0.00      61
1438801696762:        0      12      38      63    1.91    3300    3000       0   98.09
1438801696762:        1       0       1    1572   47.65    3300    3000       0   52.35    0.00    0.00    0.00      69      70    0.00    0.00    0.00    0.00   82.50   69.31   17.67    0.00    0.00
1438801696762:        1       0      21     328    9.95    3300    3000       0   90.05
1438801696762:        1       1       3    1560   47.27    3300    3000       0   52.73    0.00    0.00    0.00      68
1438801696762:        1       1      23     339   10.28    3300    3000       0   89.72
1438801696762:        1       2       5    1568   47.53    3300    3000       0   52.47    0.00    0.00    0.00      66
1438801696762:        1       2      25     337   10.22    3300    3000       0   89.78
1438801696762:        1       3       7    1548   46.91    3300    3000       0   53.09    0.00    0.00    0.00      68
1438801696762:        1       3      27     367   11.11    3300    3000       0   88.89
1438801696762:        1       4       9    1585   48.02    3300    3000       0   51.98    0.00    0.00    0.00      66
1438801696762:        1       4      29     337   10.22    3300    3000       0   89.78
1438801696762:        1       8      11    1580   47.89    3300    3000       0   52.11    0.00    0.00    0.00      68
1438801696762:        1       8      31     342   10.37    3300    3000       0   89.63
1438801696762:        1       9      13    1575   47.72    3300    3000       0   52.28    0.00    0.00    0.00      67
1438801696762:        1       9      33     322    9.75    3300    3000       0   90.25
1438801696762:        1      10      15    1577   47.80    3300    3000       0   52.20    0.00    0.00    0.00      68
1438801696762:        1      10      35     318    9.64    3300    3000       0   90.36
1438801696762:        1      11      17    1576   47.75    3300    3000       0   52.25    0.00    0.00    0.00      69
1438801696762:        1      11      37     317    9.62    3300    3000       0   90.38
1438801696762:        1      12      19    1573   47.67    3300    3000       0   52.33    0.00    0.00    0.00      70
1438801696762:        1      12      39     317    9.62    3300    3000       0   90.38
1438801699763:  Package    Core     CPU Avg_MHz   %Busy Bzy_MHz TSC_MHz     SMI  CPU%c1  CPU%c3  CPU%c6  CPU%c7 CoreTmp  PkgTmp Pkg%pc2 Pkg%pc3 Pkg%pc6 Pkg%pc7 PkgWatt CorWatt RAMWatt   PKG_%   RAM_%
1438801699763:        -       -       -     743   22.52    3300    3000       0   77.48    0.00    0.00    0.00      69      69    0.00    0.00    0.00    0.00  152.00  125.87   34.29    0.00    0.00
1438801699763:        0       0       0     549   16.65    3300    3000       0   83.35    0.00    0.00    0.00      62      64    0.00    0.00    0.00    0.00   66.94   53.99   16.72    0.00    0.00
1438801699763:        0       0      20     109    3.30    3300    3000       0   96.70
1438801699763:        0       1       2     516   15.64    3300    3000       0   84.36    0.00    0.00    0.00      62
1438801699763:        0       1      22      49    1.48    3300    3000       0   98.52
1438801699763:        0       2       4     513   15.54    3300    3000       0   84.46    0.00    0.00    0.00      61
1438801699763:        0       2      24      53    1.60    3300    3000       0   98.40
1438801699763:        0       3       6     506   15.34    3300    3000       0   84.66    0.00    0.00    0.00      63
1438801699763:        0       3      26      49    1.47    3300    3000       0   98.53
1438801699763:        0       4       8    2261   68.52    3300    3000       0   31.48    0.00    0.00    0.00      64
1438801699763:        0       4      28      30    0.90    3300    3000       0   99.10
1438801699763:        0       8      10     918   27.81    3300    3000       0   72.19    0.00    0.00    0.00      59
1438801699763:        0       8      30      24    0.74    3300    3000       0   99.26
1438801699763:        0       9      12     662   20.05    3300    3000       0   79.95    0.00    0.00    0.00      63
1438801699763:        0       9      32      27    0.81    3300    3000       0   99.19
1438801699763:        0      10      14     560   16.97    3300    3000       0   83.03    0.00    0.00    0.00      62
1438801699763:        0      10      34      72    2.18    3300    3000       0   97.82
1438801699763:        0      11      16     523   15.86    3300    3000       0   84.14    0.00    0.00    0.00      63
1438801699763:        0      11      36     193    5.86    3300    3000       0   94.14
1438801699763:        0      12      18     530   16.07    3300    3000       0   83.93    0.00    0.00    0.00      62
1438801699763:        0      12      38     166    5.02    3300    3000       0   94.98
1438801699763:        1       0       1    1706   51.70    3300    3000       0   48.30    0.00    0.00    0.00      69      69    0.00    0.00    0.00    0.00   85.06   71.88   17.58    0.00    0.00
1438801699763:        1       0      21     424   12.85    3300    3000       0   87.15
1438801699763:        1       1       3    1701   51.55    3300    3000       0   48.45    0.00    0.00    0.00      68
1438801699763:        1       1      23     444   13.45    3300    3000       0   86.55
1438801699763:        1       2       5    1721   52.15    3300    3000       0   47.85    0.00    0.00    0.00      65
1438801699763:        1       2      25     414   12.56    3300    3000       0   87.44
1438801699763:        1       3       7    1688   51.15    3300    3000       0   48.85    0.00    0.00    0.00      68
1438801699763:        1       3      27     459   13.92    3300    3000       0   86.08
1438801699763:        1       4       9    1711   51.85    3300    3000       0   48.15    0.00    0.00    0.00      66
1438801699763:        1       4      29     407   12.32    3300    3000       0   87.68
1438801699763:        1       8      11    1711   51.86    3300    3000       0   48.14    0.00    0.00    0.00      68
1438801699763:        1       8      31     445   13.47    3300    3000       0   86.53
1438801699763:        1       9      13    1712   51.87    3300    3000       0   48.13    0.00    0.00    0.00      69
1438801699763:        1       9      33     430   13.05    3300    3000       0   86.95
1438801699763:        1      10      15    1706   51.69    3300    3000       0   48.31    0.00    0.00    0.00      67
1438801699763:        1      10      35     446   13.50    3300    3000       0   86.50
1438801699763:        1      11      17    1704   51.65    3300    3000       0   48.35    0.00    0.00    0.00      69
1438801699763:        1      11      37     448   13.57    3300    3000       0   86.43
1438801699763:        1      12      19    1711   51.85    3300    3000       0   48.15    0.00    0.00    0.00      69
1438801699763:        1      12      39     426   12.92    3300    3000       0   87.08
1438801702765:  Package    Core     CPU Avg_MHz   %Busy Bzy_MHz TSC_MHz     SMI  CPU%c1  CPU%c3  CPU%c6  CPU%c7 CoreTmp  PkgTmp Pkg%pc2 Pkg%pc3 Pkg%pc6 Pkg%pc7 PkgWatt CorWatt RAMWatt   PKG_%   RAM_%
1438801702765:        -       -       -     747   22.62    3300    3000       0   77.38    0.00    0.00    0.00      69      69    0.00    0.00    0.00    0.00  152.14  125.99   34.49    0.00    0.00
1438801702765:        0       0       0     564   17.10    3300    3000       0   82.90    0.00    0.00    0.00      62      65    0.00    0.00    0.00    0.00   67.41   54.45   16.70    0.00    0.00
1438801702765:        0       0      20      79    2.39    3300    3000       0   97.61
1438801702765:        0       1       2     546   16.55    3300    3000       0   83.45    0.00    0.00    0.00      63
1438801702765:        0       1      22      46    1.38    3300    3000       0   98.62
1438801702765:        0       2       4     553   16.76    3300    3000       0   83.24    0.00    0.00    0.00      61
1438801702765:        0       2      24      60    1.82    3300    3000       0   98.18
1438801702765:        0       3       6     553   16.75    3300    3000       0   83.25    0.00    0.00    0.00      63
1438801702765:        0       3      26      43    1.31    3300    3000       0   98.69
1438801702765:        0       4       8    2307   69.90    3300    3000       0   30.10    0.00    0.00    0.00      65
1438801702765:        0       4      28      89    2.68    3300    3000       0   97.32
1438801702765:        0       8      10     956   28.97    3300    3000       0   71.03    0.00    0.00    0.00      60
1438801702765:        0       8      30      46    1.41    3300    3000       0   98.59
1438801702765:        0       9      12     692   20.98    3300    3000       0   79.02    0.00    0.00    0.00      64
1438801702765:        0       9      32      42    1.27    3300    3000       0   98.73
1438801702765:        0      10      14     605   18.33    3300    3000       0   81.67    0.00    0.00    0.00      63
1438801702765:        0      10      34      68    2.07    3300    3000       0   97.93
1438801702765:        0      11      16     569   17.23    3300    3000       0   82.77    0.00    0.00    0.00      63
1438801702765:        0      11      36     207    6.26    3300    3000       0   93.74
1438801702765:        0      12      18     542   16.44    3300    3000       0   83.56    0.00    0.00    0.00      61
1438801702765:        0      12      38      94    2.85    3300    3000       0   97.15
1438801702765:        1       0       1    1689   51.19    3300    3000       0   48.81    0.00    0.00    0.00      69      69    0.00    0.00    0.00    0.00   84.73   71.54   17.79    0.00    0.00
1438801702765:        1       0      21     427   12.93    3300    3000       0   87.07
1438801702765:        1       1       3    1698   51.45    3300    3000       0   48.55    0.00    0.00    0.00      68
1438801702765:        1       1      23     425   12.89    3300    3000       0   87.11
1438801702765:        1       2       5    1685   51.08    3300    3000       0   48.92    0.00    0.00    0.00      66
1438801702765:        1       2      25     443   13.42    3300    3000       0   86.58
1438801702765:        1       3       7    1677   50.83    3300    3000       0   49.17    0.00    0.00    0.00      69
1438801702765:        1       3      27     474   14.37    3300    3000       0   85.63
1438801702765:        1       4       9    1694   51.33    3300    3000       0   48.67    0.00    0.00    0.00      66
1438801702765:        1       4      29     439   13.32    3300    3000       0   86.68
1438801702765:        1       8      11    1689   51.17    3300    3000       0   48.83    0.00    0.00    0.00      68
1438801702765:        1       8      31     417   12.64    3300    3000       0   87.36
1438801702765:        1       9      13    1682   50.96    3300    3000       0   49.04    0.00    0.00    0.00      67
1438801702765:        1       9      33     423   12.82    3300    3000       0   87.18
1438801702765:        1      10      15    1697   51.43    3300    3000       0   48.57    0.00    0.00    0.00      68
1438801702765:        1      10      35     418   12.66    3300    3000       0   87.34
1438801702765:        1      11      17    1683   51.01    3300    3000       0   48.99    0.00    0.00    0.00      69
1438801702765:        1      11      37     411   12.46    3300    3000       0   87.54
1438801702765:        1      12      19    1697   51.42    3300    3000       0   48.58    0.00    0.00    0.00      69
1438801702765:        1      12      39     431   13.07    3300    3000       0   86.93
1438801705766:  Package    Core     CPU Avg_MHz   %Busy Bzy_MHz TSC_MHz     SMI  CPU%c1  CPU%c3  CPU%c6  CPU%c7 CoreTmp  PkgTmp Pkg%pc2 Pkg%pc3 Pkg%pc6 Pkg%pc7 PkgWatt CorWatt RAMWatt   PKG_%   RAM_%
1438801705766:        -       -       -     735   22.26    3300    3000       0   77.74    0.00    0.00    0.00      69      69    0.00    0.00    0.00    0.00  152.25  126.04   34.74    0.00    0.00
1438801705766:        0       0       0     710   21.53    3300    3000       0   78.47    0.00    0.00    0.00      63      66    0.00    0.00    0.00    0.00   70.27   57.28   16.78    0.00    0.00
1438801705766:        0       0      20     243    7.38    3300    3000       0   92.62
1438801705766:        0       1       2     668   20.26    3300    3000       0   79.74    0.00    0.00    0.00      64
1438801705766:        0       1      22      81    2.45    3300    3000       0   97.55
1438801705766:        0       2       4     673   20.39    3300    3000       0   79.61    0.00    0.00    0.00      62
1438801705766:        0       2      24      98    2.98    3300    3000       0   97.02
1438801705766:        0       3       6     686   20.80    3300    3000       0   79.20    0.00    0.00    0.00      65
1438801705766:        0       3      26     168    5.09    3300    3000       0   94.91
1438801705766:        0       4       8    2555   77.42    3300    3000       0   22.58    0.00    0.00    0.00      65
1438801705766:        0       4      28      62    1.89    3300    3000       0   98.11
1438801705766:        0       8      10    1146   34.72    3300    3000       0   65.28    0.00    0.00    0.00      60
1438801705766:        0       8      30     105    3.19    3300    3000       0   96.81
1438801705766:        0       9      12     905   27.41    3300    3000       0   72.59    0.00    0.00    0.00      65
1438801705766:        0       9      32     107    3.23    3300    3000       0   96.77
1438801705766:        0      10      14     784   23.77    3300    3000       0   76.23    0.00    0.00    0.00      63
1438801705766:        0      10      34      82    2.48    3300    3000       0   97.52
1438801705766:        0      11      16     713   21.61    3300    3000       0   78.39    0.00    0.00    0.00      63
1438801705766:        0      11      36     190    5.76    3300    3000       0   94.24
1438801705766:        0      12      18     700   21.21    3300    3000       0   78.79    0.00    0.00    0.00      62
1438801705766:        0      12      38      88    2.67    3300    3000       0   97.33
1438801705766:        1       0       1    1538   46.61    3300    3000       0   53.39    0.00    0.00    0.00      68      69    0.00    0.00    0.00    0.00   81.98   68.76   17.96    0.00    0.00
1438801705766:        1       0      21     321    9.72    3300    3000       0   90.28
1438801705766:        1       1       3    1542   46.73    3300    3000       0   53.27    0.00    0.00    0.00      68
1438801705766:        1       1      23     328    9.95    3300    3000       0   90.05
1438801705766:        1       2       5    1541   46.70    3300    3000       0   53.30    0.00    0.00    0.00      65
1438801705766:        1       2      25     312    9.44    3300    3000       0   90.56
1438801705766:        1       3       7    1506   45.64    3300    3000       0   54.36    0.00    0.00    0.00      68
1438801705766:        1       3      27     355   10.75    3300    3000       0   89.25
1438801705766:        1       4       9    1539   46.63    3300    3000       0   53.37    0.00    0.00    0.00      66
1438801705766:        1       4      29     342   10.38    3300    3000       0   89.62
1438801705766:        1       8      11    1533   46.46    3300    3000       0   53.54    0.00    0.00    0.00      68
1438801705766:        1       8      31     327    9.90    3300    3000       0   90.10
1438801705766:        1       9      13    1529   46.35    3300    3000       0   53.65    0.00    0.00    0.00      66
1438801705766:        1       9      33     333   10.10    3300    3000       0   89.90
1438801705766:        1      10      15    1530   46.37    3300    3000       0   53.63    0.00    0.00    0.00      67
1438801705766:        1      10      35     316    9.57    3300    3000       0   90.43
1438801705766:        1      11      17    1534   46.47    3300    3000       0   53.53    0.00    0.00    0.00      69
1438801705766:        1      11      37     310    9.41    3300    3000       0   90.59
1438801705766:        1      12      19    1545   46.82    3300    3000       0   53.18    0.00    0.00    0.00      68
1438801705766:        1      12      39     336   10.17    3300    3000       0   89.83
1438801708768:  Package    Core     CPU Avg_MHz   %Busy Bzy_MHz TSC_MHz     SMI  CPU%c1  CPU%c3  CPU%c6  CPU%c7 CoreTmp  PkgTmp Pkg%pc2 Pkg%pc3 Pkg%pc6 Pkg%pc7 PkgWatt CorWatt RAMWatt   PKG_%   RAM_%
1438801708768:        -       -       -     733   22.20    3300    3000       0   77.80    0.00    0.00    0.00      69      70    0.00    0.00    0.00    0.00  152.03  125.82   34.59    0.00    0.00
1438801708768:        0       0       0     616   18.67    3300    3000       0   81.33    0.00    0.00    0.00      64      66    0.00    0.00    0.00    0.00   68.63   55.64   16.78    0.00    0.00
1438801708768:        0       0      20     130    3.95    3300    3000       0   96.05
1438801708768:        0       1       2     579   17.53    3300    3000       0   82.47    0.00    0.00    0.00      64
1438801708768:        0       1      22      67    2.04    3300    3000       0   97.96
1438801708768:        0       2       4     610   18.49    3300    3000       0   81.51    0.00    0.00    0.00      61
1438801708768:        0       2      24      58    1.75    3300    3000       0   98.25
1438801708768:        0       3       6     565   17.12    3300    3000       0   82.88    0.00    0.00    0.00      64
1438801708768:        0       3      26     167    5.06    3300    3000       0   94.94
1438801708768:        0       4       8    2389   72.39    3300    3000       0   27.61    0.00    0.00    0.00      66
1438801708768:        0       4      28      27    0.81    3300    3000       0   99.19
1438801708768:        0       8      10    1015   30.77    3300    3000       0   69.23    0.00    0.00    0.00      60
1438801708768:        0       8      30      86    2.59    3300    3000       0   97.41
1438801708768:        0       9      12     769   23.31    3300    3000       0   76.69    0.00    0.00    0.00      65
1438801708768:        0       9      32      80    2.42    3300    3000       0   97.58
1438801708768:        0      10      14     663   20.08    3300    3000       0   79.92    0.00    0.00    0.00      64
1438801708768:        0      10      34     120    3.63    3300    3000       0   96.37
1438801708768:        0      11      16     605   18.33    3300    3000       0   81.67    0.00    0.00    0.00      63
1438801708768:        0      11      36     108    3.26    3300    3000       0   96.74
1438801708768:        0      12      18     585   17.73    3300    3000       0   82.27    0.00    0.00    0.00      62
1438801708768:        0      12      38     129    3.92    3300    3000       0   96.08
1438801708768:        1       0       1    1613   48.88    3300    3000       0   51.12    0.00    0.00    0.00      69      70    0.00    0.00    0.00    0.00   83.40   70.19   17.81    0.00    0.00
1438801708768:        1       0      21     382   11.58    3300    3000       0   88.42
1438801708768:        1       1       3    1596   48.37    3300    3000       0   51.63    0.00    0.00    0.00      68
1438801708768:        1       1      23     384   11.65    3300    3000       0   88.35
1438801708768:        1       2       5    1599   48.47    3300    3000       0   51.53    0.00    0.00    0.00      65
1438801708768:        1       2      25     416   12.59    3300    3000       0   87.41
1438801708768:        1       3       7    1592   48.25    3300    3000       0   51.75    0.00    0.00    0.00      68
1438801708768:        1       3      27     431   13.06    3300    3000       0   86.94
1438801708768:        1       4       9    1605   48.65    3300    3000       0   51.35    0.00    0.00    0.00      66
1438801708768:        1       4      29     383   11.61    3300    3000       0   88.39
1438801708768:        1       8      11    1609   48.77    3300    3000       0   51.23    0.00    0.00    0.00      68
1438801708768:        1       8      31     383   11.62    3300    3000       0   88.38
1438801708768:        1       9      13    1594   48.30    3300    3000       0   51.70    0.00    0.00    0.00      68
1438801708768:        1       9      33     394   11.93    3300    3000       0   88.07
1438801708768:        1      10      15    1602   48.55    3300    3000       0   51.45    0.00    0.00    0.00      67
1438801708768:        1      10      35     394   11.93    3300    3000       0   88.07
1438801708768:        1      11      17    1609   48.77    3300    3000       0   51.23    0.00    0.00    0.00      69
1438801708768:        1      11      37     354   10.73    3300    3000       0   89.27
1438801708768:        1      12      19    1590   48.18    3300    3000       0   51.82    0.00    0.00    0.00      69
1438801708768:        1      12      39     402   12.20    3300    3000       0   87.80
1438801711769:  Package    Core     CPU Avg_MHz   %Busy Bzy_MHz TSC_MHz     SMI  CPU%c1  CPU%c3  CPU%c6  CPU%c7 CoreTmp  PkgTmp Pkg%pc2 Pkg%pc3 Pkg%pc6 Pkg%pc7 PkgWatt CorWatt RAMWatt   PKG_%   RAM_%
1438801711769:        -       -       -     730   22.13    3300    3000       0   77.87    0.00    0.00    0.00      69      69    0.00    0.00    0.00    0.00  152.34  126.07   34.87    0.00    0.00
1438801711769:        0       0       0     687   20.80    3300    3000       0   79.20    0.00    0.00    0.00      66      66    0.00    0.00    0.00    0.00   69.45   56.42   16.93    0.00    0.00
1438801711769:        0       0      20      75    2.28    3300    3000       0   97.72
1438801711769:        0       1       2     641   19.42    3300    3000       0   80.58    0.00    0.00    0.00      64
1438801711769:        0       1      22      70    2.12    3300    3000       0   97.88
1438801711769:        0       2       4     680   20.61    3300    3000       0   79.39    0.00    0.00    0.00      62
1438801711769:        0       2      24      91    2.77    3300    3000       0   97.23
1438801711769:        0       3       6     664   20.11    3300    3000       0   79.89    0.00    0.00    0.00      65
1438801711769:        0       3      26      94    2.85    3300    3000       0   97.15
1438801711769:        0       4       8    2459   74.53    3300    3000       0   25.47    0.00    0.00    0.00      66
1438801711769:        0       4      28      50    1.52    3300    3000       0   98.48
1438801711769:        0       8      10    1080   32.73    3300    3000       0   67.27    0.00    0.00    0.00      61
1438801711769:        0       8      30      39    1.18    3300    3000       0   98.82
1438801711769:        0       9      12     849   25.72    3300    3000       0   74.28    0.00    0.00    0.00      65
1438801711769:        0       9      32     104    3.15    3300    3000       0   96.85
1438801711769:        0      10      14     726   21.99    3300    3000       0   78.01    0.00    0.00    0.00      64
1438801711769:        0      10      34      49    1.48    3300    3000       0   98.52
1438801711769:        0      11      16     678   20.56    3300    3000       0   79.44    0.00    0.00    0.00      64
1438801711769:        0      11      36      94    2.86    3300    3000       0   97.14
1438801711769:        0      12      18     658   19.95    3300    3000       0   80.05    0.00    0.00    0.00      62
1438801711769:        0      12      38      71    2.15    3300    3000       0   97.85
1438801711769:        1       0       1    1588   48.13    3300    3000       0   51.87    0.00    0.00    0.00      69      69    0.00    0.00    0.00    0.00   82.89   69.65   17.94    0.00    0.00
1438801711769:        1       0      21     338   10.23    3300    3000       0   89.77
1438801711769:        1       1       3    1582   47.94    3300    3000       0   52.06    0.00    0.00    0.00      68
1438801711769:        1       1      23     339   10.27    3300    3000       0   89.73
1438801711769:        1       2       5    1577   47.79    3300    3000       0   52.21    0.00    0.00    0.00      66
1438801711769:        1       2      25     354   10.72    3300    3000       0   89.28
1438801711769:        1       3       7    1565   47.42    3300    3000       0   52.58    0.00    0.00    0.00      66
1438801711769:        1       3      27     368   11.17    3300    3000       0   88.83
1438801711769:        1       4       9    1578   47.82    3300    3000       0   52.18    0.00    0.00    0.00      66
1438801711769:        1       4      29     373   11.29    3300    3000       0   88.71
1438801711769:        1       8      11    1593   48.28    3300    3000       0   51.72    0.00    0.00    0.00      69
1438801711769:        1       8      31     337   10.22    3300    3000       0   89.78
1438801711769:        1       9      13    1580   47.88    3300    3000       0   52.12    0.00    0.00    0.00      67
1438801711769:        1       9      33     361   10.95    3300    3000       0   89.05
1438801711769:        1      10      15    1570   47.59    3300    3000       0   52.41    0.00    0.00    0.00      68
1438801711769:        1      10      35     343   10.40    3300    3000       0   89.60
1438801711769:        1      11      17    1577   47.78    3300    3000       0   52.22    0.00    0.00    0.00      69
1438801711769:        1      11      37     364   11.03    3300    3000       0   88.97
1438801711769:        1      12      19    1600   48.50    3300    3000       0   51.50    0.00    0.00    0.00      69
1438801711769:        1      12      39     358   10.86    3300    3000       0   89.14
1438801714771:  Package    Core     CPU Avg_MHz   %Busy Bzy_MHz TSC_MHz     SMI  CPU%c1  CPU%c3  CPU%c6  CPU%c7 CoreTmp  PkgTmp Pkg%pc2 Pkg%pc3 Pkg%pc6 Pkg%pc7 PkgWatt CorWatt RAMWatt   PKG_%   RAM_%
1438801714772:        -       -       -     731   22.16    3300    3000       0   77.84    0.00    0.00    0.00      69      69    0.00    0.00    0.00    0.00  152.42  126.13   35.08    0.00    0.00
1438801714772:        0       0       0     679   20.57    3300    3000       0   79.43    0.00    0.00    0.00      67      67    0.00    0.00    0.00    0.00   69.35   56.31   17.02    0.00    0.00
1438801714772:        0       0      20      70    2.14    3300    3000       0   97.86
1438801714772:        0       1       2     637   19.32    3300    3000       0   80.68    0.00    0.00    0.00      66
1438801714772:        0       1      22     144    4.36    3300    3000       0   95.64
1438801714772:        0       2       4     619   18.77    3300    3000       0   81.23    0.00    0.00    0.00      64
1438801714772:        0       2      24      65    1.97    3300    3000       0   98.03
1438801714772:        0       3       6     624   18.92    3300    3000       0   81.08    0.00    0.00    0.00      65
1438801714772:        0       3      26     129    3.91    3300    3000       0   96.09
1438801714772:        0       4       8    2421   73.35    3300    3000       0   26.65    0.00    0.00    0.00      67
1438801714772:        0       4      28      28    0.86    3300    3000       0   99.14
1438801714772:        0       8      10    1047   31.73    3300    3000       0   68.27    0.00    0.00    0.00      61
1438801714772:        0       8      30      56    1.69    3300    3000       0   98.31
1438801714772:        0       9      12     788   23.88    3300    3000       0   76.12    0.00    0.00    0.00      66
1438801714772:        0       9      32     120    3.63    3300    3000       0   96.37
1438801714772:        0      10      14     699   21.18    3300    3000       0   78.82    0.00    0.00    0.00      65
1438801714772:        0      10      34      92    2.79    3300    3000       0   97.21
1438801714772:        0      11      16     662   20.07    3300    3000       0   79.93    0.00    0.00    0.00      64
1438801714772:        0      11      36      88    2.66    3300    3000       0   97.34
1438801714772:        0      12      18     627   19.01    3300    3000       0   80.99    0.00    0.00    0.00      63
1438801714772:        0      12      38     111    3.37    3300    3000       0   96.63
1438801714772:        1       0       1    1603   48.59    3300    3000       0   51.41    0.00    0.00    0.00      68      69    0.00    0.00    0.00    0.00   83.07   69.82   18.06    0.00    0.00
1438801714772:        1       0      21     367   11.12    3300    3000       0   88.88
1438801714772:        1       1       3    1594   48.30    3300    3000       0   51.70    0.00    0.00    0.00      67
1438801714772:        1       1      23     371   11.23    3300    3000       0   88.77
1438801714772:        1       2       5    1585   48.02    3300    3000       0   51.98    0.00    0.00    0.00      65
1438801714772:        1       2      25     366   11.09    3300    3000       0   88.91
1438801714772:        1       3       7    1574   47.71    3300    3000       0   52.29    0.00    0.00    0.00      65
1438801714772:        1       3      27     383   11.60    3300    3000       0   88.40
1438801714772:        1       4       9    1589   48.14    3300    3000       0   51.86    0.00    0.00    0.00      65
1438801714772:        1       4      29     347   10.53    3300    3000       0   89.47
1438801714772:        1       8      11    1591   48.22    3300    3000       0   51.78    0.00    0.00    0.00      68
1438801714772:        1       8      31     358   10.86    3300    3000       0   89.14
1438801714772:        1       9      13    1591   48.21    3300    3000       0   51.79    0.00    0.00    0.00      68
1438801714772:        1       9      33     354   10.73    3300    3000       0   89.27
1438801714772:        1      10      15    1608   48.73    3300    3000       0   51.27    0.00    0.00    0.00      68
1438801714772:        1      10      35     369   11.19    3300    3000       0   88.81
1438801714772:        1      11      17    1577   47.79    3300    3000       0   52.21    0.00    0.00    0.00      69
1438801714772:        1      11      37     367   11.11    3300    3000       0   88.89
1438801714772:        1      12      19    1584   47.99    3300    3000       0   52.01    0.00    0.00    0.00      69
1438801714772:        1      12      39     364   11.03    3300    3000       0   88.97
1438801717774:  Package    Core     CPU Avg_MHz   %Busy Bzy_MHz TSC_MHz     SMI  CPU%c1  CPU%c3  CPU%c6  CPU%c7 CoreTmp  PkgTmp Pkg%pc2 Pkg%pc3 Pkg%pc6 Pkg%pc7 PkgWatt CorWatt RAMWatt   PKG_%   RAM_%
1438801717774:        -       -       -     751   22.77    3300    3000       0   77.23    0.00    0.00    0.00      70      70    0.00    0.00    0.00    0.00  153.29  127.09   34.53    0.00    0.00
1438801717774:        0       0       0     714   21.65    3300    3000       0   78.35    0.00    0.00    0.00      68      68    0.00    0.00    0.00    0.00   70.08   57.09   16.83    0.00    0.00
1438801717774:        0       0      20      84    2.56    3300    3000       0   97.44
1438801717774:        0       1       2     649   19.67    3300    3000       0   80.33    0.00    0.00    0.00      65
1438801717774:        0       1      22      77    2.34    3300    3000       0   97.66
1438801717774:        0       2       4     655   19.85    3300    3000       0   80.15    0.00    0.00    0.00      64
1438801717774:        0       2      24     134    4.05    3300    3000       0   95.95
1438801717774:        0       3       6     648   19.64    3300    3000       0   80.36    0.00    0.00    0.00      66
1438801717774:        0       3      26      74    2.26    3300    3000       0   97.74
1438801717774:        0       4       8    2483   75.25    3300    3000       0   24.75    0.00    0.00    0.00      66
1438801717774:        0       4      28     203    6.14    3300    3000       0   93.86
1438801717774:        0       8      10    1119   33.90    3300    3000       0   66.10    0.00    0.00    0.00      61
1438801717774:        0       8      30      68    2.06    3300    3000       0   97.94
1438801717774:        0       9      12     858   26.00    3300    3000       0   74.00    0.00    0.00    0.00      66
1438801717774:        0       9      32     174    5.28    3300    3000       0   94.72
1438801717774:        0      10      14     757   22.95    3300    3000       0   77.05    0.00    0.00    0.00      65
1438801717774:        0      10      34      61    1.85    3300    3000       0   98.15
1438801717774:        0      11      16     733   22.20    3300    3000       0   77.80    0.00    0.00    0.00      64
1438801717774:        0      11      36      56    1.71    3300    3000       0   98.29
1438801717774:        0      12      18     664   20.13    3300    3000       0   79.87    0.00    0.00    0.00      63
1438801717774:        0      12      38      79    2.41    3300    3000       0   97.59
1438801717774:        1       0       1    1610   48.79    3300    3000       0   51.21    0.00    0.00    0.00      69      70    0.00    0.00    0.00    0.00   83.21   70.01   17.70    0.00    0.00
1438801717774:        1       0      21     367   11.12    3300    3000       0   88.88
1438801717774:        1       1       3    1626   49.28    3300    3000       0   50.72    0.00    0.00    0.00      68
1438801717774:        1       1      23     355   10.76    3300    3000       0   89.24
1438801717774:        1       2       5    1606   48.65    3300    3000       0   51.35    0.00    0.00    0.00      66
1438801717774:        1       2      25     344   10.42    3300    3000       0   89.58
1438801717774:        1       3       7    1589   48.14    3300    3000       0   51.86    0.00    0.00    0.00      67
1438801717774:        1       3      27     396   12.01    3300    3000       0   87.99
1438801717774:        1       4       9    1603   48.57    3300    3000       0   51.43    0.00    0.00    0.00      66
1438801717774:        1       4      29     382   11.59    3300    3000       0   88.41
1438801717774:        1       8      11    1606   48.66    3300    3000       0   51.34    0.00    0.00    0.00      69
1438801717774:        1       8      31     380   11.51    3300    3000       0   88.49
1438801717774:        1       9      13    1598   48.44    3300    3000       0   51.56    0.00    0.00    0.00      68
1438801717774:        1       9      33     372   11.27    3300    3000       0   88.73
1438801717774:        1      10      15    1612   48.86    3300    3000       0   51.14    0.00    0.00    0.00      67
1438801717774:        1      10      35     374   11.34    3300    3000       0   88.66
1438801717774:        1      11      17    1598   48.41    3300    3000       0   51.59    0.00    0.00    0.00      69
1438801717774:        1      11      37     378   11.44    3300    3000       0   88.56
1438801717774:        1      12      19    1594   48.29    3300    3000       0   51.71    0.00    0.00    0.00      70
1438801717774:        1      12      39     371   11.23    3300    3000       0   88.77
